-6.850275723676214623e-01
-5.811781994662055251e-01
-6.521962754448383803e-01
-1.190108437682978332e-01
-7.391288924521898229e-01
6.607373036600425187e-02
-7.322449876552089565e-01
-3.695746790001658844e-01
-3.437406207524125179e-01
-6.885033716468847986e-01
-2.542038802322992841e-01
-2.122838211011597864e-01
-7.273680764800322107e-01
-4.798525341693049007e-01
-4.373837272641175056e-01
-6.619433763267325022e-01
-5.566832957601497434e-01
-8.508113922836967324e-01
-6.169829475157788679e-01
-8.671662039747447814e-02
1.225319125113759205e-01
-4.936973043313808707e-01
-2.963975303310589227e-01
-4.403200162077903212e-01
-3.305334672106628457e-01
-2.141249547115909313e-01
-4.683008881797260936e-01
-1.044451629800331321e-01
-6.166660476153411341e-02
1.363981482427712166e-01
-7.465813350252844538e-01
-2.765056994903166143e-01
-3.961361446916798479e-01
1.189145946721752306e-01
-2.109987063974156363e-01
-1.584789275325734770e-01
-6.478725697643171744e-01
-5.159938468207406759e-01
-6.903879217316982730e-01
-4.921842692094376415e-01
-2.111567030170170001e-01
-8.366874935678706438e-01
-2.591457987636348048e-01
3.882856044504254082e-03
4.864512504862694708e-02
-5.258204633812851858e-01
-7.751069363275376878e-01
-2.544163890146306506e-01
-8.138415598561242748e-01
-6.660412764654611850e-01
-2.847521277552850782e-01
-7.754370886314286837e-01
-4.109822790284457517e-01
-5.428977263514638274e-01
1.169257370473146679e-01
-4.096263214346734793e-01
7.115563511754517678e-02
-7.807522137407342244e-01
-8.009695850823382868e-01
-1.899957319908234521e-01
-6.348670791388780765e-01
-8.029577870588185950e-01
-3.962204702472918449e-01
8.497242438059546266e-02
-3.820896577957157980e-01
-1.519669081438606434e-02
-5.561849822326131454e-02
-5.903333437920997850e-01
-2.935313853920258620e-02
-5.208712300155960984e-01
-5.460460240087208206e-01
-3.831377439559836562e-01
-6.465500890432649417e-01
-2.309898789274262565e-01
-3.173906957982398080e-01
-1.748549653443854657e-01
-7.544028558551204577e-01
1.084493542142945799e-01
-6.636073373417535892e-01
-4.490488602132203799e-01
-2.635285221016341328e-01
-2.613005721995124153e-01
-2.488958120445428079e-01
1.174969397107997610e-01
-2.045788666598440386e-01
-4.879579513388680456e-01
-4.511470441145224997e-01
-1.215536668991139269e-01
-2.921622154380811853e-01
-5.963938519811002870e-01
-7.289519822269726612e-01
-2.764487949263221833e-01
-6.191700287499464217e-01
-4.090405472622277161e-01
-2.677640294570379220e-01
-4.692061423159551992e-01
2.442359378403315823e-02
-3.669053794404132929e-01
-6.461624057173258329e-02
-5.105385916873144136e-01
-7.102092911226535188e-01
-8.132225367375686687e-02
2.759588641185353047e-02
1.335359977329298453e-01
-8.503282820738751469e-02
-7.603839374801767415e-01
-5.862312093721923079e-01
-3.975854558165377584e-01
-2.550736240685797518e-01
-4.727364412774121560e-01
-2.157725569737454774e-01
-2.868231944130851807e-01
-8.574442791136500930e-02
-6.329694368227589685e-01
-2.656950508890431051e-01
-7.561988934210498448e-01
-3.345282706799775352e-01
8.309755991464215508e-02
-2.820847814034613266e-01
-5.937648313940034894e-01
1.028225603104756525e-01
-2.484134423806505509e-01
-5.752678401981176082e-01
-6.207984619362429957e-01
1.123958896639269817e-01
-5.339857772295807381e-01
-8.477308690324844020e-01
-3.036210472680751782e-02
