-4.907374841130527909e-01
-1.004944955774204202e-01
-7.044676399485630403e-02
-2.024255917395424431e-01
3.108706768773537577e-01
2.038826822712999920e-01
2.250145346807982949e-01
-5.206827269590231788e-01
-1.124694708894730250e-01
2.812840881674940063e-01
1.609755528342654562e-01
-6.703341315308569692e-01
-2.850159908890418370e-01
-2.790290264711268731e-01
2.807850104903654720e-01
-6.094343935112648269e-01
3.128421066428770936e-01
-4.096979489400283669e-01
1.950919726591110182e-01
-1.126975599345808737e-01
-3.624248620610860949e-01
-6.191768879734420999e-02
2.450408081695064633e-01
2.725602386900187191e-01
1.370563025930325862e-01
-2.182158218518944759e-01
-8.909844636823228969e-02
2.459076265654896731e-01
-5.193040712215796217e-01
-9.459045234102651800e-02
-2.337967156498992338e-01
2.084197387704545268e-01
-1.386565657162338594e-01
-6.539400359396482232e-01
-4.731498559658413039e-01
3.359574832780385517e-02
2.257814178618728351e-01
-6.012742599608404959e-01
-1.061523079761708850e-02
-1.038210739246191588e-01
-5.265290864284186689e-01
-4.082172045529122717e-01
6.116598188871752440e-03
-6.690169738555237222e-01
-3.697231569522054229e-01
-5.670256574612796419e-01
-7.225377731256911462e-02
-6.492351192212203470e-01
3.042336806174921748e-01
-6.004678444117630409e-01
-5.974132419145001816e-01
-4.737953749233661527e-01
-5.424693939244099559e-03
2.884736714807450420e-01
2.723661853961533708e-01
-1.192032246418906899e-01
2.832232455512936897e-01
-2.392445460997826290e-01
1.092053035427260482e-01
2.957446065707846627e-01
1.121329910316512801e-01
5.272887920759006947e-02
-1.176791234214122767e-01
-3.744156307670373773e-01
-3.296011971748019076e-01
-8.911851153774801026e-02
-2.338277961104184843e-01
1.745707303053010140e-01
3.006010956011533897e-01
8.520892804954606492e-02
-4.794106694315712347e-01
2.546980240009631413e-01
3.318184620559847670e-02
2.348056862519052324e-01
1.883969510644514234e-01
-3.916496514814650221e-01
-1.940966597173868768e-01
-4.057836267560789301e-01
-4.328970635717278026e-01
-2.704075420240364958e-01
-3.540104305161723142e-01
-6.572440586259625794e-01
-3.291175623812381823e-01
1.306096397710715395e-01
2.321426453871729134e-01
-2.477766888804417977e-01
1.086229967607507674e-02
-4.000283550115147913e-01
1.496968154899848691e-01
-1.490113329504308415e-01
-3.770933621024217253e-01
-3.140295952925206691e-01
-2.462287482095895999e-02
-4.831519322946158934e-01
-3.903828799411409589e-01
-1.497750400292386375e-01
1.230373681631228566e-01
4.517027690103069676e-02
-4.672572273429672074e-01
3.180337065429115762e-01
-6.028567775619002589e-01
-4.729176495203969988e-01
-5.214239707807866164e-01
-9.307330667014705738e-02
-5.463759036345297027e-01
-2.817976049625407417e-02
2.127575202456572501e-01
-4.084777576824629164e-01
2.034068621977640212e-01
1.904593405006473616e-01
-5.257012984761411101e-01
-2.104761435301087322e-02
-6.250563407571284591e-01
-2.866628892027172082e-01
-5.951860590219959501e-01
-8.273724702735640174e-03
-1.825810274946655376e-01
-2.412659722428864839e-01
-3.293725841366065832e-01
-5.733460795841029967e-01
-9.736111506224547074e-02
-3.594350672287682791e-01
-7.296372647457562144e-02
-2.906061167880553131e-01
-3.534742764478200350e-01
-5.177237446812128496e-01
2.835585593480768885e-01
-2.199458927353608040e-01
